# 2016-08-28 01:29:19
# Input numbers from Michael Lam
     PSR         OBS        RF         BW        Weff   Tsub  Nphi       S-        S0         S+       DISS_bw    DISS_dt    rms_J1    JitterUL  Nissfit    rms_red  rms redUL   rms_achr  rms_achrUL   rms_chr  rms_chrUL      T
                           GHz         MHz        us      s                                              MHz         s         us                            us                    us                    us                     yr
  J2317+1439      AO      0.327       50.0      395.0  85.7  2048      6.000     11.200     17.100     0.0513      131.0    117.910          0      3.5     0.4224          0     0.4111          0     0.0228          1     8.8792 
  J0023+0923      AO      0.430       24.0      335.0  84.6  2048      4.900      8.000     14.000     0.0840      272.0     69.140          1      2.7     0.3094          0     0.2962          0     0.0235          1     2.3019 
  J0030+0451      AO      0.430       24.0      705.0  85.9  2048      4.300      6.700     22.800     5.4300     2250.0     45.600          0      1.0     0.6832          0     0.6696          0     0.0564          1     8.7728 
  J1640+2224      AO      0.430       24.0      383.0  84.6  2048      6.300     15.300     33.700     0.2310      231.0     36.980          1      1.5     0.3734          0     0.0739          1     0.0819          0     8.9093 
  J1741+1351      AO      0.430       24.0      458.0  85.0  2048      4.400      7.100     11.000     0.0701      512.0     72.750          1      3.2     0.1233          1     0.0997          1     0.0461          1     4.2485 
  J1853+1303      AO      0.430       24.0      486.0  83.4  2048      3.400      4.300      6.000     0.0520      325.0    104.820          1      4.2     0.2500          1     0.1673          1     0.1041          1     5.6027 
    B1855+09      AO      0.430       24.0      796.0  85.2  2048      3.800      5.300      7.700     0.0213      327.0    123.430          1      5.6     0.8563          0     0.8547          0     0.0465          1     8.8710 
  J1923+2515      AO      0.430       24.0      448.0  83.9  2048      3.300      4.000      5.500     0.0885      504.0    171.600          1      5.3     0.9870          0     0.9463          0     0.0899          1     1.5700 
    B1937+21      AO      0.430       24.0      190.0  84.1  2048    244.000    263.800    280.900     0.0115       73.0     47.260          0    170.5     0.7333          0     0.7327          0     0.0578          1     9.1085 
  J1944+0907      AO      0.430       24.0     1120.0  83.4  2048      4.500      7.500     10.800     0.0434      403.0    186.870          0      5.3     2.0248          0     2.0155          0     0.0957          1     5.7120 
    B1953+29      AO      0.430       24.0     1293.0  84.6  2048      6.300      8.200     11.800     0.0119       71.0    117.590          1     15.1     1.6721          0     0.8308          1     0.6636          0     7.2465 
  J2017+0603      AO      0.430       24.0      323.0  83.4  2048      3.700      4.100      5.000     0.0885      331.0    302.530          1     36.1     0.1364          1     0.0954          1     0.0891          1     1.6682 
  J2043+1711      AO      0.430       24.0      222.0  83.5  2048      4.100      5.700      8.100     0.3540      478.0     70.440          1      4.3     0.1459          1     0.1032          1     0.0508          1     2.2827 
  J2317+1439      AO      0.430       24.0      392.0  85.7  2048      6.000     10.500     17.200     0.1710      181.0     46.300          0      2.6     0.4224          0     0.4111          0     0.0228          1     8.8792 
  J0340+4130     GBT      0.820      186.0      545.0 126.0  2048      3.300      3.700      4.300     0.6380      210.0    133.680          1     27.6     1.0675          0     1.1596          1     0.9773          1     1.6818 
  J0613-0200     GBT      0.820      186.0      250.0 126.5  2048      7.700      9.900     13.700     0.7790     2180.0     19.940          1     13.7     0.5380          0     0.5281          0     0.1592          1     8.5903 
  J0645+5158     GBT      0.820      186.0      590.0 128.8  2048      4.300      8.200     22.800     2.1200      379.0      8.570          0      1.0     0.1049          0     0.1141          1     0.0763          1     2.4158 
  J0931-1902     GBT      0.820      186.0      669.0 126.5  2048      3.500      4.200      5.900     3.5300      310.0    251.000          1      5.5     0.7563          1     0.3854          1     0.5003          1     0.6445 
  J1012+5307     GBT      0.820      186.0      667.0 128.8  2048      4.800      9.600     25.100     4.6600      655.0     12.870          1      1.0     1.9073          0     1.3261          0     1.2593          0     9.2234 
  J1024-0719     GBT      0.820      186.0      553.0 128.8  2048      4.000      6.800     14.700     3.2800     2030.0     21.850          1      1.0     0.3211          0     0.2857          0     0.1851          1     4.0189 
  J1455-3330     GBT      0.820      186.0      956.0 121.7  2048      4.100      6.600     11.400     4.8800      514.0     94.450          1      1.1     0.5669          0     0.6703          1     0.3813          1     9.2231 
  J1600-3053     GBT      0.820      186.0      485.0 122.5  2048      5.500      7.100      8.800     0.0063      131.0     57.280          1     19.2     0.1631          0     0.0553          1     0.5980          0     5.9826 
  J1614-2230     GBT      0.820      186.0      449.0 122.5  2048      4.100      5.600      7.800     0.6310      233.0     76.350          1      7.5     0.2025          1     0.1454          1     0.1745          1     5.0949 
  J1643-1224     GBT      0.820      186.0     1040.0 122.5  2048     11.900     14.000     16.100     0.0015      282.0    101.120          1     46.7     2.3411          0     1.9139          0     1.1945          0     9.0181 
  J1713+0747     GBT      0.820      186.0      694.0 121.7  2048      8.200     18.000     36.600     1.4800     1380.0     57.110          0      1.5     0.0837          0     0.0793          0     0.0917          1     8.7758 
  J1744-1134     GBT      0.820      186.0      513.0 121.7  2048      6.600     14.500     35.700     2.9500     1000.0     43.890          0      1.0     0.3945          0     0.3934          0     0.0373          1     9.2258 
  J1909-3744     GBT      0.820      186.0      279.0 121.7  2048      8.000     18.800     41.400     2.7400     1090.0     19.530          0      1.1     0.0693          0     0.0371          1     0.0681          0     9.0539 
  J1918-0642     GBT      0.820      186.0      979.0 121.7  2048      5.800      9.700     15.100     1.0500      386.0     24.740          1      4.3     0.2247          0     0.2461          1     0.2439          1     9.0181 
    B1937+21     GBT      0.820      186.0      153.0 120.9  2048     66.700     95.400    128.300     0.1960      158.0     35.450          0      9.7     0.7333          0     0.7327          0     0.0578          1     9.1085 
  J2010-1323     GBT      0.820      186.0      499.0 121.7  2048      4.100      5.300      7.200     0.4840      439.0     45.220          1      8.6     0.4101          0     0.4861          1     0.2845          1     4.0823 
  J2145-0750     GBT      0.820      186.0     1826.0 121.7  2048      9.100     30.300     87.600     3.3500     1650.0     29.800          0      1.0     0.7510          0     0.7480          0     0.0823          1     9.0866 
  J2302+4442     GBT      0.820      186.0      608.0 128.8  2048      3.300      3.600      4.100     0.6940     1320.0    271.490          1     20.9     1.2009          1     0.8343          1     0.5341          1     1.6818 
  J0023+0923      AO      1.400      603.0      430.0  84.6  2048      3.900      6.500     13.500    15.1000     1120.0     33.030          1      1.0     0.3094          0     0.2962          0     0.0235          1     2.3019 
  J0030+0451      AO      1.400      603.0      540.0  85.9  2048      3.900      5.300      7.900   979.0000     9260.0    131.320          0      5.1     0.6832          0     0.6696          0     0.0564          1     8.7728 
  J0340+4130     GBT      1.400      642.0      515.0 126.0  2048      3.400      3.900      4.300     6.7200      400.0    690.540          1     37.0     1.0675          0     1.1596          1     0.9773          1     1.6818 
  J0613-0200     GBT      1.400      642.0      331.0 126.5  2048      3.400      3.900      4.800     8.1900     4140.0     47.550          1      3.7     0.5380          0     0.5281          0     0.1592          1     8.5903 
  J0645+5158     GBT      1.400      642.0      627.0 128.8  2048      3.900      6.000     12.800    22.3000      720.0     39.240          1      1.0     0.1049          0     0.1141          1     0.0763          1     2.4158 
  J0931-1902     GBT      1.400      642.0      466.0 126.5  2048      3.400      4.200      6.600    37.1000      590.0    137.650          1      1.9     0.7563          1     0.3854          1     0.5003          1     0.6445 
  J1012+5307     GBT      1.400      642.0      634.0 128.8  2048      3.900      6.100     12.400    49.0000     1240.0     84.820          1      1.0     1.9073          0     1.3261          0     1.2593          0     9.2234 
  J1024-0719     GBT      1.400      642.0      574.0 128.8  2048      3.500      4.600      7.500    34.5000     3850.0     85.640          1      1.0     0.3211          0     0.2857          0     0.1851          1     4.0189 
  J1455-3330     GBT      1.400      642.0      996.0 121.7  2048      3.700      5.200      8.700    51.4000      976.0    118.660          0      1.7     0.5669          0     0.6703          1     0.3813          1     9.2231 
  J1600-3053     GBT      1.400      642.0      424.0 122.5  2048      5.500      7.600     10.000     0.0665      249.0     24.750          1     10.6     0.1631          0     0.0553          1     0.5980          0     5.9826 
  J1614-2230     GBT      1.400      642.0      391.0 122.5  2048      3.500      4.500      6.700     6.6400      443.0     65.770          0      1.2     0.2025          1     0.1454          1     0.1745          1     5.0949 
  J1640+2224      AO      1.400      603.0      465.0  84.6  2048      4.300      7.500     18.400    41.6000      951.0    126.790          0      1.0     0.3734          0     0.0739          1     0.0819          0     8.9093 
  J1643-1224     GBT      1.400      642.0      973.0 122.5  2048      5.600      7.700     10.200     0.0162      536.0    136.700          0     11.5     2.3411          0     1.9139          0     1.1945          0     9.0181 
  J1713+0747      AO      1.400      603.0      539.0  82.0  2048     21.700     74.100    235.800    15.6000     2630.0     24.480          0      1.0     0.0837          0     0.0793          0     0.0917          1     8.7758 
  J1713+0747     GBT      1.400      642.0      533.0 121.7  2048      7.500     20.400     58.200    15.6000     2630.0     32.010          0      1.0     0.0837          0     0.0793          0     0.0917          1     8.7758 
  J1738+0333      AO      1.400      603.0      643.0  83.4  2048      3.800      6.100     14.500    12.4000      554.0     57.130          0      1.0     0.2088          1     0.1282          1     0.3568          1     3.9864 
  J1741+1351      AO      1.400      603.0      390.0  85.0  2048      4.000      7.000     16.700    12.6000     2110.0     40.880          0      1.0     0.1233          1     0.0997          1     0.0461          1     4.2485 
  J1744-1134     GBT      1.400      642.0      511.0 121.7  2048      5.600     11.900     25.900    31.1000     1910.0     29.230          0      1.0     0.3945          0     0.3934          0     0.0373          1     9.2258 
  J1853+1303      AO      1.400      603.0      346.0  83.4  2048      3.600      4.700      8.000     9.3700     1340.0     39.140          1      1.0     0.2500          1     0.1673          1     0.1041          1     5.6027 
    B1855+09      AO      1.400      603.0      750.0  85.2  2048      7.800     14.600     28.000     3.8400     1350.0    105.470          0      1.9     0.8563          0     0.8547          0     0.0465          1     8.8710 
  J1903+0327      AO      1.400      603.0      405.0  82.6  2048      3.300      3.600      4.000     0.0013       11.1    235.150          1     51.3     1.2970          0     0.8251          1     3.2125          0     3.9863 
  J1909-3744     GBT      1.400      642.0      261.0 121.7  2048      4.800     10.600     30.100    28.8000     2080.0     10.940          0      1.0     0.0693          0     0.0371          1     0.0681          0     9.0539 
  J1910+1256      AO      1.400      603.0      634.0  82.0  2048      4.600      7.200     10.400     1.7000     1120.0    114.230          0      5.3     1.4942          0     1.4572          0     1.8756          1     8.8383 
  J1918-0642     GBT      1.400      642.0      879.0 121.7  2048      3.800      5.900     11.300    11.0000      733.0     69.850          1      1.0     0.2247          0     0.2461          1     0.2439          1     9.0181 
  J1923+2515      AO      1.400      603.0      534.0  83.9  2048      4.000      5.200      7.500    15.9000     2080.0    133.010          0      6.4     0.9870          0     0.9463          0     0.0899          1     1.5700 
    B1937+21      AO      1.400      603.0      145.0  84.1  2048     70.600    122.100    203.500     2.0700      301.0      6.120          0      4.1     0.7333          0     0.7327          0     0.0578          1     9.1085 
    B1937+21     GBT      1.400      642.0      146.0 120.9  2048     21.800     38.500     65.300     2.0700      301.0     10.310          0      3.5     0.7333          0     0.7327          0     0.0578          1     9.1085 
  J1944+0907      AO      1.400      603.0      949.0  83.4  2048      4.200      7.100     12.300     7.8200     1660.0    163.290          0      1.4     2.0248          0     2.0155          0     0.0957          1     5.7120 
    B1953+29      AO      1.400      603.0      823.0  84.6  2048      3.500      4.300      5.600     2.1400      293.0    173.940          0     11.2     1.6721          0     0.8308          1     0.6636          0     7.2465 
  J2010-1323     GBT      1.400      642.0      527.0 121.7  2048      3.500      4.200      6.200     5.0900      834.0     78.100          1      1.0     0.4101          0     0.4861          1     0.2845          1     4.0823 
  J2017+0603      AO      1.400      603.0      242.0  83.4  2048      3.600      5.200      9.800    15.9000     1360.0     42.540          1      1.0     0.1364          1     0.0954          1     0.0891          1     1.6682 
  J2043+1711      AO      1.400      603.0      178.0  83.5  2048      3.800      5.600      9.000    63.7000     1970.0     37.400          1      1.0     0.1459          1     0.1032          1     0.0508          1     2.2827 
  J2145-0750     GBT      1.400      642.0     1823.0 121.7  2048      5.500     12.700     29.200    35.3000     3130.0     40.190          0      1.0     0.7510          0     0.7480          0     0.0823          1     9.0866 
  J2214+3000      AO      1.400      603.0      562.0  82.0  2048      4.000      6.600     16.200    17.0000     1480.0    103.300          0      1.0     0.7627          0     0.7459          0     0.3438          1     2.0669 
  J2302+4442     GBT      1.400      642.0      682.0 128.8  2048      3.400      3.900      5.200     7.3100     2520.0    205.530          1      1.5     1.2009          1     0.8343          1     0.5341          1     1.6818 
  J2317+1439      AO      1.400      603.0      376.0  85.7  2048      3.900      6.700     26.800    30.9000      747.0     60.760          0      1.0     0.4224          0     0.4111          0     0.0228          1     8.8792 
  J1713+0747      AO      2.300      460.0      512.0  82.0  2048      7.300     22.300     71.100   138.0000     4770.0     25.100          0      1.0     0.0837          0     0.0793          0     0.0917          1     8.7758 
  J1738+0333      AO      2.300      460.0      696.0  83.4  2048      3.700      5.700      9.200   110.0000     1000.0     39.380          1      1.0     0.2088          1     0.1282          1     0.3568          1     3.9864 
    B1855+09      AO      2.300      460.0      716.0  85.2  2048      4.000      6.700      8.200    34.1000     2450.0    343.060          1      7.7     0.8563          0     0.8547          0     0.0465          1     8.8710 
  J1903+0327      AO      2.300      460.0      327.0  82.6  2048      3.300      3.400      3.700     0.0112       20.1    515.140          1    108.8     1.2970          0     0.8251          1     3.2125          0     3.9863 
  J1910+1256      AO      2.300      460.0      574.0  82.0  2048      3.500      4.400      6.100    15.1000     2030.0    130.460          0      3.6     1.4942          0     1.4572          0     1.8756          1     8.8383 
    B1937+21      AO      2.300      460.0      147.0  84.1  2048     13.000     29.300     63.900    18.4000      546.0     24.710          0      1.5     0.7333          0     0.7327          0     0.0578          1     9.1085 
  J2017+0603      AO      2.300      460.0      234.0  83.4  2048      3.500      4.700      6.700   142.0000     2470.0    116.600          0      1.3     0.1364          1     0.0954          1     0.0891          1     1.6682 
  J2214+3000      AO      2.300      460.0      551.0  82.0  2048      3.500      4.400      6.000   151.0000     2690.0    217.990          0      1.0     0.7627          0     0.7459          0     0.3438          1     2.0669 
